13907883384
13991452104
13940952266
13980083982
13964982239
13947588701
13969568296
13905802820
13996503348
13935988315
13915708512
13994488583
13950508192
13901734873
13978512690
13916950323
13989218500
13964443888
13977602877
13922350672
13928042167
13919970951
13908830881
13946147714
13988892083
13986499590
13925555183
13982240659
13980601248
13904462503
13939297291
13909797019
13959595159
13993614339
13919317084
13943863768
13900633034
13907330675
13969577535
13949615141
13967918032
13925522211
13943400324
13929065649
13949055366
13994018915
13910717046
13905615878
13998561462
13908079161
13927704215
13936862907
13904324738
13934989169
13952675168
13993282168
13993818620
13984327457
13971069278
13956509624
13994681297
13951942766
13907837362
13919499838
13947846452
13937571061
13988333372
13940736100
13972722956
13915443685
13979788669
13926168256
13998803575
13990777201
13950074609
13919056532
13986281691
13924490340
13936915429
13904149540
13999487809
13927338843
13992513029
13935100452
13900106860
13925252632
13901615267
13924513330
13908107649
13936191872
13973910928
13939446612
13952130882
13930292356
13978417221
13912101541
13992121145
13903051947
13996778591
13925275826
13929282862
13985096786
13935256729
13981701279
13960795648
13948602980
13971953170
13931065002
13963322095
13999136135
13932296339
13907273932
13903407993
13967598173
13932865624
13900054284
13961668198
13955024897
13952871573
13988212489
13963158799
13983674862
13936913424
13906128718
13911232075
13930807753
13960263875
13949129355
13902500114
13955180160
13916725390
13984294865
13929165477
13955221061
13930363791
13966660954
13922597635
13969298898
13929378371
13971794810
13965515243
13935706333
13972263693
13924390098
13981962051
13975940233
13908273856
13935268330
13925168821
13924247982
13900851057
13962381981
13950442760
13904555239
13933696080
13962559668
13909062392
13964232106
13949752440
13927041600
13924194653
13964055329
13999921724
13951615603
13962182844
13921590722
13969671326
13973490618
13923621447
13985039840
13964873586
13993720473
13959792739
13950844048
13925006275
13931100136
13993426268
13949923435
13976798720
13986256627
13933450659
13953165274
13931105119
13952085988
13979072501
13943057447
13948539411
13990507769
13903501455
13988997233
13966679548
13935794722
13940958945
13972407364
13995775428
13962574642
13994322708
13926561828
13901543895
13953433847
13992741546
13953006551
13942327193
13979042183
13930994329
13911502351
13978833010
13905227889
13926685506
13964149770
13941387842
13989039375
13910034562
13954607603
13950072504
13998921130
13971355232
13966514788
13992066634
13920810995
13970122479
13954724523
13937871288
13912402655
13905261279
13942224577
13977490686
13950300099
13903125150
13949069411
13976648207
13978754427
13917165472
13997888758
13986763720
13989907223
13909951565
13953252068
13974974783
13957139618
13908729303
13965643318
13921619273
13935641080
13909226242
13933454131
13973426503
13983327985
13952190183
13924026810
13915708019
13990467801
13954860234
13971589633
13938077576
13992987911
13996989606
13927975392
13962222345
13986982999
13934482536
13947538440
13957642465
13959438703
13906507134
13932299211
13909208376
13965249954
13958305832
13975577278
13910965131
13925394990
13907009596
13908254347
13946882931
13900988514
13978532741
13938209789
13936548326
13937742913
13965881278
13908786829
13905834099
13993702778
13986037940
13974888086
13912333709
13953047067
13988273012
13900750850
13991048010
13973248451
13908638098
13938110281
13927159408
13965233024
13991178325
13934607129
13957143399
13935566863
13958329162
13935413726
13999164209
13914772673
13939289675
13930369837
13976456295
13922791240
13968250771
13998798614
13969600756
13995017544
13961621196
13982920051
13974237522
13996126583
13931388871
13926352806
13927499965
13912453474
13959925226
13910164978
13978740297
13966039102
13995663296
13920220584
13934536388
13998341413
13937590291
13943479398
13945174566
13908122558
13969786250
13923759811
13901090908
13966658874
13983264948
13990514945
13977605536
13949654051
13908993786
13923724673
13992241307
13965747805
13972824681
13992913181
13933863395
13940083054
13970688216
13964697900
13991124733
13954095603
13968387452
13967487932
13975737846
13959934555
13903191285
13967194536
13925301972
13977470525
13914476563
13922720110
13958686115
13923788422
13949865253
13912289607
13906366511
13962419933
13988216747
13972748510
13989582673
13977877252
13931453088
13901536002
13903064976
13939193410
13943105849
13946739372
13972855498
13933747270
13992823489
13907963054
13995303258
13947628843
13941402425
13973704953
13916155503
13954127149
13912485343
13932408067
13980721964
13954832740
13902998467
13956933563
13985020066
13999364107
13938823735
13902612979
13977909326
13915431535
13935624621
13972717276
13908919558
13979350048
13934011707
13949591259
13999156832
13911568281
13945065701
13978275112
13963060478
13921335874
13927761227
13971672192
13928901829
13900745546
13984495644
13902224921
13969180376
13948013029
13930278643
13925426788
13900650644
13980532632
13919000973
13956272723
13995502120
13919212852
13921363080
13954753404
13990678129
13928990487
13910229996
13905908775
13991169604
13999813223
13937574068
13983528392
13916791796
13954690753
13987269741
13981581624
13918197987
13965944789
13984767914
13954814780
13934557655
13901240136
13971649030
13902089238
13993454239
13958335152
13908845010
13913804743
13964652948
13924692533
13935490401
13977801770
13934549686
13921071809
13967550576
13960679506
13968833203
13956885924
13929322975
13992911407
13979602882
13991455455
13977947347
13966985570
13958790002
13902721822
13985787899
13978034225
13979937428
13978915345
13970707871
13921691171
13964582413
13925455337
13933072253
13922210105
13918991351
13969908756
13939507129
13967901184
13910189019
13965570148
13913134100
13999286212
13952645921
13914400381
13931406983
13989419111
13928695582
13926165866
13979780167
13923872344
13920790446
13975791998
13950019529
13994564726
13908560625
13917546144
13977702624
13929859961
13969881059
13914401704
13994107952
13905835448
13934325327
13962105115
13939240091
13956204620
13911973160
13921768097
13942808353
13944689658
13978763791
13902966829
13912340853
13973980000
13975732548
13940994988
13909804470
13920434184
13952710768
13950507485
13983974122
13954553270
13916577318
13988268008
13925314524
13983211357
13928264286
13962701879
13948076327
13982086359
13926410205
13931234980
13967859132
13979511703
13911624231
13962970543
13964512728
13949467286
13980444106
13933645642
13955207734
13956103832
13952725497
13918326616
13972019364
13987722906
13958410420
13904680307
13908254412
13906197367
13974099085
13969473640
13914555184
13912026444
13904275881
13914716159
13929787037
13990506283
13918071841
13909252776
13900622071
13914192786
13920415319
13953234233
13988812125
13964826118
13989097955
13962011226
13976206024
13946313140
13916284195
13902877514
13942376014
13909545816
13981805540
13912031278
13931948027
13913251750
13941338619
13934567634
13999948893
13996345936
13930866724
13968505846
13989485810
13996627930
13998113661
13956588350
13954398049
13915368427
13981014127
13955472401
13915769775
13983221063
13996940830
13921024146
13988179908
13923657861
13933481102
13938099177
13917990803
13942918748
13952308644
13948771722
13991031232
13925072673
13981264379
13928489291
13990101110
13988774153
13955551396
13990026671
13910154107
13920356389
13982390323
13932447727
13944826711
13921539759
13915858967
13913403722
13979483889
13965933696
13985540167
13941592033
13943101458
13952012941
13990987060
13991856424
13996702223
13958739363
13986061739
13914424443
13908627365
13987606972
13973194060
13906113445
13992722482
13998384027
13979209976
13931516878
13964362677
13906805027
13921436501
13931688818
13909504795
13933522571
13918117577
13925709401
13912087161
13955021797
13911432839
13978540061
13901343821
13935090461
13992100554
13948556731
13973865457
13993577817
13981540087
13992796093
13969852724
13902076247
13976203349
13986132480
13968100346
13989646443
13953791812
13947793645
13922928191
13967451684
13958062156
13956193330
13999122699
13986902164
13969967790
13992418298
13965887148
13966642070
13947550580
13996396147
13910620214
13931959876
13944164298
13943284894
13920653400
13914370785
13916983659
13951171915
13991175787
13945485432
13991812969
13957760171
13962540158
13906358763
13977659866
13906360313
13982273679
13998637881
13948248520
13923035450
13987688947
13933538436
13906444456
13900826590
13933083237
13905656217
13900609315
13923862882
13901235074
13932505281
13972839800
13973170211
13949634144
13915631360
13990509879
13931429250
13912857846
13930230061
13908356996
13990889371
13980845335
13905001688
13952487747
13994515654
13919671357
13988010602
13980796314
13991014211
13936782302
13901360905
13993871301
13996208246
13943988882
13996269329
13974839605
13987709355
13915252862
13987785066
13988116066
13991587906
13983995139
13985150815
13960413003
13919918616
13987634646
13912014488
13901241940
13925559980
13943572391
13983095227
13939207147
13960096049
13901023085
13991575507
13977519426
13920164901
13960443837
13988145034
13988215970
13963821999
13935083555
13909961313
13982056655
13944166413
13968750831
13959326841
13949940385
13994065034
13960338995
13913145283
13939579983
13925961450
13914083640
13908152334
13949504764
13957338545
13949308456
13936696826
13929006653
13912755624
13959748700
13986283874
13966576967
13989645709
13960513557
13905651245
13990716897
13974149697
13963595623
13944359525
13926872909
13906823434
13921525186
13961233909
13942610242
13964999136
13987975969
13971175212
13931920285
13950727863
13997252771
13918464343
13980352643
13907271886
13928608721
13936522019
13958117789
13909352624
13942821876
13912588415
13950821141
13999618648
13978552424
13936884543
13928421240
13975615329
13958043165
13999751967
13942788443
13935460751
13927055122
13935235096
13903789878
13972889499
13943074574
13989573782
13973060025
13999302305
13971187746
13991784094
13972101237
13971209432
13914167226
13911766777
13911903966
13918298434
13974796447
13962382688
13952444007
13998959642
13956522064
13922671107
13928407989
13950465914
13998023263
13977489795
13989142209
13911542798
13939962728
13996873206
13952913583
13933809607
13950862683
13960609402
13988632148
13957116366
13977631881
13900789030
13939497324
13966370675
13920910297
13981875213
13977043967
13906907857
13932584096
13920678451
13945930482
13983744206
13913826535
13968152964
13969093136
13910869902
13931342036
13952704586
13959857843
13934624505
13950441712
13969977137
13908423626
13947464587
13995954848
13914758316
13929308561
13916516761
13919638613
13980562393
13917983884
13936633002
13927320676
13994386097
13945991372
13926876995
13900980002
13944789589
13989181292
13914986165
13997293082
13911617697
13998880767
13907883603
13939296822
13913676756
13943403405
13962859289
13980137929
13909957341
13941739521
13973881566
13963489900
13907630839
13992226346
13943431455
13978164898
13978680011
13988738948
13904135721
13919608203
13911411216
13959924481
13937593831
13954034605
13941254293
13961774760
13995201524
13986041501
13927173197
13916494299
13963096102
13927733183
13976398515
13940152783
13956556729
13974401065
13943266452
13941981311
13937346577
13952530274
13980097320
13919191611
13960876958
13954696809
13935272646
13982442952
13901948768
13962417329
13901353069
13977884422
13969261296
13937944253
13927695742
13913807541
13987260770
13906196233
13967021765
13928425131
13925438027
13996908230
13945927059
13971980298
13984174698
13983178803
13912411241
13906089260
13901863059
13995678930
13943802802
13915491544
13992556166
13947010498
13999570942
13937510235
13954070445
13942849466
13994603228
13979639985
13984245097
13953300594
13984938811
13905579584
13944488992
13913431986
13949166640
13962267795
13950984388
13961821937
13979414592
13984132690
13917669947
13980158745
13981054059
13961373827
13936000979
